-1.071697139739990234e+01,4.327641010284423828e+00,-1.412481212615966797e+01,1.510156345367431641e+01,7.093843460083007812e+00,5.162468925118446350e-02,-4.066544055938720703e+00,9.291206359863281250e+00,-5.651822090148925781e-01,-8.984979242086410522e-02
-8.520696640014648438e+00,1.146555423736572266e+01,2.707678794860839844e+00,-1.751282095909118652e+00,5.585916042327880859e+00,1.931454300880432129e+00,4.151365280151367188e+00,-1.141811370849609375e+00,-2.912258386611938477e+00,-2.224315643310546875e+00
7.559480667114257812e+00,2.923521995544433594e+00,-7.456735372543334961e-01,-8.501862287521362305e-01,3.908349275588989258e-01,1.186236590147018433e-01,-1.504355549812316895e+00,8.080794215202331543e-01,8.628278374671936035e-01,-2.823621034622192383e+00
-5.217603206634521484e+00,-9.691039323806762695e-01,-9.859593212604522705e-02,8.905181884765625000e+00,-6.126629352569580078e+00,-6.084702014923095703e+00,-4.982659816741943359e-01,2.700420618057250977e+00,-5.848267555236816406e+00,5.579009532928466797e+00
-5.727058887481689453e+00,-2.020275592803955078e+00,-4.998336791992187500e+00,1.143694996833801270e+00,-7.161704063415527344e+00,-1.272090053558349609e+01,8.338985443115234375e+00,-1.045555686950683594e+01,-3.276119232177734375e+00,-1.625871896743774414e+00
-1.133776855468750000e+01,1.033508396148681641e+01,5.423337936401367188e+00,4.203684806823730469e+00,-6.903266429901123047e+00,-1.131737899780273438e+01,-5.454215526580810547e+00,-1.091459035873413086e+00,8.512413978576660156e+00,-4.451107501983642578e+00
5.919479846954345703e+00,1.901579856872558594e+00,4.960798263549804688e+00,2.143833160400390625e+00,4.417137145996093750e+00,3.566220760345458984e+00,6.793140172958374023e-01,-1.237151622772216797e+00,1.322591304779052734e+00,-2.370458364486694336e+00
-1.970331001281738281e+01,1.666963005065917969e+01,5.363801002502441406e+00,-8.553196907043457031e+00,-2.253473281860351562e+00,-2.674038171768188477e+00,2.485872268676757812e+00,4.307142734527587891e+00,4.628341197967529297e+00,-5.571643352508544922e+00
7.126856803894042969e+00,-1.310418128967285156e+00,1.830174684524536133e+00,-9.933218359947204590e-01,3.779940843582153320e+00,-5.990241840481758118e-02,1.108306527137756348e+00,3.343189954757690430e+00,6.463588476181030273e-01,1.257285356521606445e+00
2.142543077468872070e+00,2.022716253995895386e-01,5.705822467803955078e+00,-1.781095862388610840e-01,8.555705070495605469e+00,5.322390556335449219e+00,-8.036366701126098633e-01,-3.017524003982543945e+00,1.998223423957824707e+00,-1.921974778175354004e+00
2.772684395313262939e-01,2.928622484207153320e+00,-1.116873073577880859e+01,-5.003613471984863281e+00,4.541496753692626953e+00,-2.790432274341583252e-01,7.616585493087768555e-01,-8.025549888610839844e+00,-9.236636161804199219e-01,2.317171841859817505e-01
2.306343317031860352e+00,-2.424040555953979492e+00,1.230220699310302734e+01,7.184424877166748047e+00,-3.153797388076782227e+00,-2.553591489791870117e+00,-6.464483737945556641e+00,-4.481721878051757812e+00,-5.540159225463867188e+00,-3.174663543701171875e+00
-1.028461265563964844e+01,8.154457092285156250e+00,5.991807937622070312e+00,1.161335468292236328e+01,-7.523725509643554688e+00,-3.175089120864868164e+00,-9.623010158538818359e-01,2.307402372360229492e+00,1.603625416755676270e+00,7.333247661590576172e+00
-9.142374038696289062e+00,8.631932258605957031e+00,7.019768238067626953e+00,3.710945844650268555e+00,-7.608988881111145020e-02,-2.620690345764160156e+00,2.206050634384155273e+00,-2.924016714096069336e+00,2.511403560638427734e+00,4.514614105224609375e+00
-6.434555530548095703e+00,6.803433895111083984e+00,6.376891613006591797e+00,2.962247610092163086e+00,-1.713513135910034180e+00,-1.711589217185974121e+00,1.073811054229736328e+00,-1.750875830650329590e+00,2.427919954061508179e-01,3.651104450225830078e+00
-1.881361961364746094e+00,-5.217920303344726562e+00,3.025241374969482422e+00,-5.349456310272216797e+00,1.524644732475280762e+00,-1.077701282501220703e+01,7.772490978240966797e-01,2.581732034683227539e+00,6.583365797996520996e-01,7.713647365570068359e+00
-2.755275249481201172e+00,4.511805474758148193e-01,2.180963277816772461e+00,4.055742263793945312e+00,-1.002858066558837891e+01,5.533502697944641113e-01,1.019683241844177246e+00,-3.308448791503906250e-01,-5.155487060546875000e+00,-7.683129310607910156e-01
-9.142374038696289062e+00,8.631931304931640625e+00,7.019767284393310547e+00,3.710945844650268555e+00,-7.609079778194427490e-02,-2.620688915252685547e+00,2.206051111221313477e+00,-2.924016714096069336e+00,2.511401891708374023e+00,4.514616489410400391e+00
-9.142374038696289062e+00,8.631931304931640625e+00,7.019767284393310547e+00,3.710945844650268555e+00,-7.609079778194427490e-02,-2.620688915252685547e+00,2.206051111221313477e+00,-2.924016475677490234e+00,2.511400461196899414e+00,4.514615058898925781e+00
-6.524023056030273438e+00,2.455763339996337891e+00,-3.368492364883422852e+00,2.128854990005493164e+00,-2.101709604263305664e+00,-7.571282863616943359e+00,5.014329433441162109e+00,-1.142214107513427734e+01,6.023314967751502991e-02,3.925102472305297852e+00
2.758588314056396484e+00,2.614918351173400879e-01,3.714401006698608398e+00,-8.690059781074523926e-01,6.152306556701660156e+00,3.806508779525756836e-01,1.773478746414184570e+00,5.801945328712463379e-01,-1.229694843292236328e+00,-1.466821432113647461e+00
-9.633839726448059082e-01,-7.904376983642578125e-01,3.743118286132812500e+00,1.545273184776306152e+00,-9.053853154182434082e-01,1.474139451980590820e+00,-1.985120892524719238e+00,4.853435039520263672e+00,3.506036281585693359e+00,5.019326806068420410e-01
4.711740970611572266e+00,-2.450823783874511719e+00,2.387299776077270508e+00,4.163613915443420410e-01,3.405472278594970703e+00,4.847166061401367188e+00,3.904736995697021484e+00,4.627633094787597656e-01,1.781822204589843750e+00,3.797535657882690430e+00
-1.099544286727905273e+00,-4.415080070495605469e+00,1.776668071746826172e+00,1.841132879257202148e+00,-5.876401901245117188e+00,3.983805656433105469e+00,1.133626365661621094e+01,6.128087043762207031e+00,6.567688465118408203e+00,4.503986835479736328e+00
-2.868783235549926758e+00,1.617049455642700195e+00,2.592342376708984375e+00,-4.188732624053955078e+00,3.865558862686157227e+00,-4.537532627582550049e-01,5.688478797674179077e-02,-5.649694919586181641e+00,5.577786445617675781e+00,-2.187070608139038086e+00
-7.417814433574676514e-02,-7.384064197540283203e+00,2.920014381408691406e+00,-3.084737539291381836e+00,1.195372819900512695e+00,-4.535330295562744141e+00,3.920737281441688538e-02,2.477771520614624023e+00,2.154355287551879883e+00,-7.924165129661560059e-01
1.671744138002395630e-01,7.632266998291015625e+00,6.269230365753173828e+00,-4.620454788208007812e+00,9.230363845825195312e+00,8.989091873168945312e+00,1.885386586189270020e+00,-4.534526824951171875e+00,3.279792308807373047e+00,1.970715284347534180e+00
3.903600931167602539e+00,3.118574142456054688e+00,-4.649655342102050781e+00,-4.038622856140136719e+00,-1.246080040931701660e+00,-1.348025441169738770e+00,-2.480701923370361328e+00,7.121524810791015625e-01,2.137816667556762695e+00,-1.440388441085815430e+00
-5.927633762359619141e+00,-2.889639437198638916e-01,2.010757923126220703e+00,-3.060013532638549805e+00,-5.113893151283264160e-01,-3.843137741088867188e+00,-1.889917969703674316e+00,-4.547868728637695312e+00,6.479866504669189453e+00,-2.255779266357421875e+00
-4.018229007720947266e+00,-5.098371505737304688e+00,-1.485545063018798828e+01,1.496391534805297852e+00,9.136519432067871094e+00,5.296831607818603516e+00,3.520478725433349609e+00,-1.147918224334716797e+01,-6.087707042694091797e+00,-2.403845548629760742e+00
9.169129371643066406e+00,5.645383596420288086e-01,-1.927818059921264648e+00,-1.805145144462585449e+00,1.827116012573242188e+00,-3.048206329345703125e+00,3.904676437377929688e+00,3.127971410751342773e+00,-1.175521612167358398e+00,-1.844236612319946289e+00
2.683867931365966797e+00,-6.089553356170654297e+00,4.646913409233093262e-01,-5.712412595748901367e-01,2.310918867588043213e-01,-2.102135896682739258e+00,3.842669248580932617e+00,1.818667173385620117e+00,-3.267301797866821289e+00,2.803034543991088867e+00
3.945636510848999023e+00,-9.599188566207885742e-01,5.752857685089111328e+00,2.010041952133178711e+00,1.596236705780029297e+00,2.086215496063232422e+00,1.709279179573059082e+00,2.275562286376953125e+00,1.820381522178649902e+00,1.261677026748657227e+00
4.777274131774902344e+00,2.034282833337783813e-01,-8.449092864990234375e+00,-3.585312366485595703e-01,-1.154152274131774902e+00,-1.396084427833557129e+00,2.335112333297729492e+00,-4.827637672424316406e+00,6.779862642288208008e-01,-2.573425292968750000e+00
7.386743068695068359e+00,-2.388617515563964844e+00,-3.139845848083496094e+00,1.345164895057678223e+00,-1.712597131729125977e+00,5.051047801971435547e+00,1.060132086277008057e-01,2.436839103698730469e+00,3.513712286949157715e-01,-1.132649660110473633e+00
-9.800268173217773438e+00,2.168936491012573242e+00,-1.243891811370849609e+01,1.441461181640625000e+01,6.358648300170898438e+00,-2.476827204227447510e-01,-3.845335245132446289e+00,8.416867256164550781e+00,2.645889818668365479e-01,-9.433718323707580566e-01
8.303603172302246094e+00,5.016872286796569824e-01,-3.284635782241821289e+00,-1.263493180274963379e+00,-2.130074739456176758e+00,-1.219124197959899902e+00,2.095344543457031250e+00,3.338807106018066406e+00,4.456553757190704346e-01,-1.216064929962158203e+00
7.312012910842895508e-01,-3.537431955337524414e+00,-7.951565265655517578e+00,1.037038803100585938e+00,2.893054723739624023e+00,3.568996429443359375e+00,3.854554176330566406e+00,-4.317481040954589844e+00,-1.037493348121643066e+00,1.009166002273559570e+00
-7.303673774003982544e-02,-7.277098894119262695e-01,2.681415796279907227e+00,4.976327419281005859e+00,-7.298325061798095703e+00,1.319590806961059570e+00,1.176394343376159668e+00,-5.346077084541320801e-01,-4.243533611297607422e+00,5.156163573265075684e-01
7.058371067047119141e+00,4.782069683074951172e+00,9.164267778396606445e-01,-3.175526142120361328e+00,3.268586635589599609e+00,3.935398459434509277e-01,-1.767940402030944824e+00,-1.608206272125244141e+00,9.675975799560546875e+00,-5.773345828056335449e-01
9.716617584228515625e+00,4.088308334350585938e+00,-2.861875295639038086e+00,-2.391134500503540039e+00,1.128928780555725098e+00,-3.681755363941192627e-01,-3.087112188339233398e+00,7.225207090377807617e-01,5.703643560409545898e-01,-2.054482221603393555e+00
6.120759487152099609e+00,-3.046502590179443359e+00,5.636130571365356445e-01,-3.244098901748657227e+00,4.346327781677246094e+00,-6.290190696716308594e+00,3.474187254905700684e-01,3.459867715835571289e+00,2.478834837675094604e-01,3.860522806644439697e-01
-1.675102353096008301e+00,4.946070671081542969e+00,-1.316000580787658691e+00,9.636833190917968750e+00,2.876307964324951172e+00,-3.622037172317504883e+00,4.198028087615966797e+00,-9.609572887420654297e-01,-1.161557197570800781e+00,3.683110952377319336e+00
-1.082426643371582031e+01,1.609973430633544922e+00,-1.456855487823486328e+01,1.580410385131835938e+01,8.183639526367187500e+00,9.246670603752136230e-01,-3.845083236694335938e+00,9.929566383361816406e+00,2.144781827926635742e+00,1.052129387855529785e+00
1.994575500488281250e+00,-4.718865394592285156e+00,3.727443456649780273e+00,2.329648256301879883e+00,-2.744297266006469727e+00,3.375442266464233398e+00,3.624867916107177734e+00,1.942555904388427734e+00,2.156219959259033203e+00,2.110360383987426758e+00
-1.469588851928710938e+01,-4.503770828247070312e+00,-8.320827484130859375e-01,3.799904584884643555e+00,2.420174837112426758e+00,6.277790069580078125e+00,-1.189214348793029785e+00,-2.309123039245605469e+00,6.686813831329345703e+00,-3.501952290534973145e-01
-8.560128211975097656e+00,-5.145028114318847656e+00,-1.607707142829895020e+00,1.275674343109130859e+00,4.559652328491210938e+00,7.644917011260986328e+00,-9.579665660858154297e-01,-2.553290843963623047e+00,4.700193881988525391e+00,2.403422147035598755e-01
7.365330219268798828e+00,-7.479543089866638184e-01,5.640803813934326172e+00,4.750097274780273438e+00,-1.250184774398803711e+00,6.211906909942626953e+00,-3.524916410446166992e+00,4.990043640136718750e-01,-5.943405628204345703e-01,-1.654575109481811523e+00
4.937791824340820312e+00,-4.225093364715576172e+00,2.406241178512573242e+00,-4.824690818786621094e+00,3.012573957443237305e+00,-7.546585559844970703e+00,-1.119300723075866699e-01,5.158749580383300781e+00,-1.855336785316467285e+00,-3.836516737937927246e-01
-4.312815189361572266e+00,-9.684443473815917969e-03,4.189460754394531250e+00,1.480186104774475098e+00,-5.040174484252929688e+00,6.676928997039794922e+00,4.411334991455078125e+00,5.098991394042968750e+00,3.280171871185302734e+00,2.477660179138183594e+00
-4.587548971176147461e-01,9.458290934562683105e-01,5.841255187988281250e+00,-1.014444112777709961e+00,3.115154743194580078e+00,3.718514680862426758e+00,2.380956560373306274e-01,3.379454374313354492e+00,1.692075729370117188e-01,-2.506608724594116211e+00
4.298929214477539062e+00,-3.056497335433959961e+00,5.653086662292480469e+00,2.228909492492675781e+00,2.505852222442626953e+00,4.440044462680816650e-01,-1.443684458732604980e+00,1.646852046251296997e-01,-4.504623889923095703e+00,7.455923557281494141e-01
-3.730809092521667480e-01,-3.646603226661682129e-01,2.769244670867919922e+00,4.923924446105957031e+00,-7.424356937408447266e+00,1.179286599159240723e+00,1.264730215072631836e+00,-3.429889678955078125e-01,-4.542609214782714844e+00,4.319949746131896973e-01
4.795498371124267578e+00,-3.738055706024169922e+00,2.993264198303222656e+00,-2.412204980850219727e+00,9.453767538070678711e-01,2.305582284927368164e+00,8.465905189514160156e+00,5.781081199645996094e+00,1.388643383979797363e+00,5.687523841857910156e+00
-9.387612342834472656e+00,-1.354502296447753906e+01,1.263763103634119034e-02,-8.819231390953063965e-01,-2.378549337387084961e+00,9.996249198913574219e+00,-3.307311534881591797e+00,-1.504481673240661621e+00,-1.917244553565979004e+00,6.938396096229553223e-01
-3.638616085052490234e+00,-3.368190288543701172e+00,1.607401251792907715e+00,1.575579047203063965e+00,-6.973560333251953125e+00,1.448887825012207031e+00,1.101959514617919922e+01,6.115943908691406250e+00,6.606244087219238281e+00,3.800796508789062500e+00
5.094079017639160156e+00,-4.624281406402587891e+00,6.349518775939941406e+00,6.138415336608886719e+00,-8.724454879760742188e+00,2.626151800155639648e+00,-4.334136486053466797e+00,3.450847864151000977e+00,-3.141699075698852539e+00,-4.232995986938476562e+00
2.270894765853881836e+00,1.617714762687683105e+00,1.954964995384216309e+00,3.277648210525512695e+00,-1.520320892333984375e+00,-5.300720214843750000e+00,-3.577180624008178711e+00,-5.525009155273437500e+00,3.077209472656250000e+00,-6.036161899566650391e+00
6.351071834564208984e+00,2.569518804550170898e+00,-4.922626495361328125e+00,-2.331155061721801758e+00,-3.726747035980224609e+00,-4.515945434570312500e+00,-1.125307559967041016e+00,-1.265579938888549805e+00,3.654612541198730469e+00,-1.057902932167053223e+00
7.181732177734375000e+00,-6.600122928619384766e+00,1.291165351867675781e+00,-7.250477313995361328e+00,4.940165519714355469e+00,-1.653423118591308594e+01,-2.372103214263916016e+00,8.884611129760742188e+00,-9.446759223937988281e-01,4.058430194854736328e+00
1.870942354202270508e+00,1.655857443809509277e+00,8.593569755554199219e+00,2.348700523376464844e+00,5.495986938476562500e+00,5.193689346313476562e+00,3.550538718700408936e-01,-7.199614644050598145e-01,1.765473604202270508e+00,-8.181329369544982910e-01
4.816741943359375000e+00,9.600289463996887207e-01,-4.733610630035400391e+00,9.250031411647796631e-02,2.021843194961547852e+00,-4.154020309448242188e+00,-1.306002974510192871e+00,7.943300008773803711e-01,-7.860252261161804199e-01,-2.792665719985961914e+00
5.300864219665527344e+00,-9.668343067169189453e-01,4.621456623077392578e+00,3.470924377441406250e+00,-6.907932758331298828e+00,3.395847082138061523e+00,-1.395666360855102539e+00,1.668144941329956055e+00,-1.754012227058410645e+00,2.493366897106170654e-01
2.703309535980224609e+00,-1.484596610069274902e+00,-4.588451862335205078e+00,1.359151601791381836e+00,3.615298271179199219e+00,1.995840787887573242e+00,3.705896139144897461e+00,-1.306658625602722168e+00,-6.361970901489257812e-01,-2.330138832330703735e-01
-1.466066837310791016e+00,-2.941540956497192383e+00,1.206303358078002930e+00,-1.432123661041259766e+00,5.127090454101562500e+00,-1.390650510787963867e+00,3.564970016479492188e+00,-2.015738010406494141e+00,1.294745802879333496e+00,6.914778947830200195e-01
3.525438308715820312e+00,1.730081319808959961e+00,3.566991090774536133e+00,-2.592542767524719238e-01,8.271298408508300781e-01,-1.180873990058898926e+00,1.309657335281372070e+00,2.608939409255981445e-01,-2.364915050566196442e-02,-7.507156729698181152e-01
2.479144096374511719e+00,-3.518746614456176758e+00,3.728376626968383789e+00,-2.542999505996704102e+00,6.864063262939453125e+00,3.536537885665893555e+00,-1.105682730674743652e+00,2.192569971084594727e-01,1.581644892692565918e+00,-4.560090303421020508e-01
-5.338346958160400391e-01,-4.287743568420410156e+00,1.026685237884521484e+00,9.601234197616577148e-01,6.743133068084716797e-03,1.558466196060180664e+00,1.043118762969970703e+01,2.001071929931640625e+00,1.880832076072692871e+00,2.785478115081787109e+00
7.664532184600830078e+00,-4.623759388923645020e-01,-3.967351019382476807e-01,1.333713173866271973e+00,-4.000848829746246338e-01,2.276568859815597534e-01,6.922581672668457031e+00,3.594289064407348633e+00,-2.052889317274093628e-01,1.670878380537033081e-01
-7.313289046287536621e-01,-4.956204414367675781e+00,3.933092832565307617e+00,7.261254787445068359e+00,-6.054181098937988281e+00,1.407315731048583984e+00,1.739452004432678223e+00,-3.172656059265136719e+00,-1.107316017150878906e+00,3.914181947708129883e+00
4.976385116577148438e+00,-7.552816998213529587e-03,2.646794080734252930e+00,-1.865326911211013794e-01,4.175737380981445312e+00,-9.151649475097656250e-02,3.030653238296508789e+00,4.843888878822326660e-01,7.593361735343933105e-01,5.837819576263427734e-01
-4.907144546508789062e+00,-3.800591230392456055e-01,1.857774496078491211e+00,9.705260396003723145e-01,-2.508852720260620117e+00,-4.255790710449218750e+00,3.308375597000122070e+00,-2.714429855346679688e+00,5.679877758026123047e+00,-1.040848374366760254e+00
3.859401226043701172e+00,-2.255521059036254883e+00,3.247944355010986328e+00,-1.967035055160522461e+00,3.685414314270019531e+00,3.934484004974365234e+00,-1.803253769874572754e+00,9.571809321641921997e-02,4.150609374046325684e-01,-6.479543447494506836e-01
8.311322927474975586e-01,-6.067778110504150391e+00,3.264505386352539062e+00,-2.637512922286987305e+00,2.102184057235717773e+00,1.379195094108581543e+00,-6.489456892013549805e-01,-1.292681813240051270e+00,-6.029077172279357910e-01,1.942889541387557983e-01
-2.270029783248901367e+00,-2.159087181091308594e+00,8.911012649536132812e+00,3.706726074218750000e+00,-3.046621799468994141e+00,8.998557180166244507e-02,4.386272907257080078e+00,2.258932828903198242e+00,-1.047729134559631348e+00,1.622192144393920898e+00
-5.727056503295898438e+00,-2.020274639129638672e+00,-4.998337745666503906e+00,1.143690943717956543e+00,-7.161702156066894531e+00,-1.272090911865234375e+01,8.338981628417968750e+00,-1.045556831359863281e+01,-3.276112318038940430e+00,-1.625873446464538574e+00
6.543423175811767578e+00,-2.067567586898803711e+00,1.044766426086425781e+00,-1.632444620132446289e+00,3.476904153823852539e+00,1.168724894523620605e+00,4.495728492736816406e+00,1.219197630882263184e+00,-2.550640106201171875e+00,1.188448548316955566e+00
-3.027350902557373047e+00,-3.113228082656860352e+00,6.866737842559814453e+00,-1.021565914154052734e+00,5.427634239196777344e+00,3.412634849548339844e+00,-3.241911888122558594e+00,-3.334699869155883789e+00,3.309283971786499023e+00,4.663526713848114014e-01
-1.094946265220642090e+00,-5.347436428070068359e+00,4.266868114471435547e+00,-5.842173099517822266e-01,3.263099670410156250e+00,1.407973885536193848e+00,-9.997762441635131836e-01,-3.062227487564086914e+00,4.414489567279815674e-01,-7.302723526954650879e-01
-3.058291435241699219e+00,-5.718842744827270508e-01,6.398497581481933594e+00,3.936529532074928284e-02,4.140574932098388672e+00,1.388552069664001465e+00,-1.982637405395507812e+00,-1.754983901977539062e+00,5.930171966552734375e+00,6.848091483116149902e-01
-8.361234664916992188e-01,-4.201560974121093750e+00,4.816429615020751953e+00,-8.489741683006286621e-01,3.015314102172851562e+00,2.666809797286987305e+00,-2.042412996292114258e+00,-2.660271167755126953e+00,-6.502335667610168457e-01,-4.534699618816375732e-01
4.331590652465820312e+00,-8.972635865211486816e-01,-7.282563686370849609e+00,-9.670383930206298828e-01,-1.828941345214843750e+01,5.642584323883056641e+00,8.779623031616210938e+00,6.865288257598876953e+00,-1.079448461532592773e+00,-3.211975574493408203e+00
5.088891983032226562e+00,-1.084111452102661133e+00,4.951713085174560547e+00,3.921984434127807617e+00,-2.820874214172363281e+00,9.815746545791625977e-02,-5.714679241180419922e+00,-1.322944402694702148e+00,-3.029654264450073242e+00,-2.745530366897583008e+00
2.552726984024047852e+00,-3.414662361145019531e+00,4.139552593231201172e+00,-5.915848731994628906e+00,5.813749790191650391e+00,-1.786063957214355469e+01,-1.994124293327331543e+00,4.234673500061035156e+00,7.780115604400634766e-01,4.248286724090576172e+00
-8.207036972045898438e+00,-1.551352405548095703e+01,-6.963446140289306641e+00,-5.932860374450683594e+00,2.361334800720214844e+00,4.320152759552001953e+00,-3.949548006057739258e-01,-4.814247608184814453e+00,3.014205694198608398e+00,1.021499752998352051e+00
-1.003662109375000000e+01,-1.816468620300292969e+01,-3.740921020507812500e+00,-1.139615726470947266e+01,-1.524827629327774048e-01,1.878279805183410645e+00,-2.387491703033447266e+00,-1.188710451126098633e+00,-6.694009304046630859e-01,2.020900100469589233e-01
4.274438381195068359e+00,1.595213699340820312e+01,-4.296134948730468750e+00,-1.321890354156494141e+01,-5.577970027923583984e+00,6.801904678344726562e+00,-9.131048202514648438e+00,-2.996457576751708984e+00,-9.713578224182128906e+00,2.422540855407714844e+01
4.274438381195068359e+00,1.595213699340820312e+01,-4.296135902404785156e+00,-1.321890830993652344e+01,-5.577970027923583984e+00,6.801905155181884766e+00,-9.131047248840332031e+00,-2.996457338333129883e+00,-9.713578224182128906e+00,2.422541046142578125e+01
-5.682977199554443359e+00,-6.715270519256591797e+00,2.318622022867202759e-01,3.615876674652099609e+00,-5.261572837829589844e+00,7.207435131072998047e+00,9.066928863525390625e+00,4.503480911254882812e+00,7.273603439331054688e+00,3.950999021530151367e+00
1.171597123146057129e+00,-7.670546531677246094e+00,5.483468055725097656e+00,-9.249182701110839844e+00,7.455694198608398438e+00,-1.689512634277343750e+01,-2.943186998367309570e+00,1.261326980590820312e+01,-2.506896257400512695e+00,2.418707370758056641e+00
4.772239685058593750e+00,2.547022819519042969e+00,5.719881057739257812e+00,-5.773518085479736328e-01,5.462495803833007812e+00,3.969252109527587891e+00,4.351546168327331543e-01,8.210454881191253662e-02,2.096620321273803711e+00,-1.044771552085876465e+00
9.052577972412109375e+00,1.495602428913116455e-01,5.797494053840637207e-01,-2.506493330001831055e+00,3.673419475555419922e+00,-4.630982875823974609e+00,-2.301905304193496704e-01,4.488460540771484375e+00,2.040784120559692383e+00,1.203368782997131348e+00
1.359513282775878906e+01,6.289445877075195312e+00,-4.358680725097656250e+00,-3.284749031066894531e+00,-3.206108570098876953e+00,7.871867418289184570e-01,-5.186378479003906250e+00,-3.681266307830810547e-02,-2.039125859737396240e-01,-6.007004737854003906e+00
-2.604184389114379883e+00,-3.503814935684204102e-01,4.826786518096923828e+00,4.926595687866210938e+00,3.962200403213500977e+00,3.957202672958374023e+00,-2.413525879383087158e-01,9.475434422492980957e-01,-6.917263567447662354e-02,-1.502814769744873047e+00
6.509530544281005859e+00,5.426139831542968750e+00,-1.187525463104248047e+01,-1.595948934555053711e+00,-9.219433784484863281e+00,-5.274196267127990723e-01,-9.994112968444824219e+00,-4.677819252014160156e+00,1.643383407592773438e+01,4.443117618560791016e+00
-1.589569759368896484e+01,-1.946135711669921875e+01,-3.492130279541015625e+00,-1.140886497497558594e+01,-5.135389804840087891e+00,2.976204395294189453e+00,-4.675454616546630859e+00,1.113871574401855469e+00,-1.641467690467834473e+00,-5.594727993011474609e-01
-1.356787872314453125e+01,-2.008396339416503906e+01,-2.826448678970336914e+00,-1.267435169219970703e+01,-3.526087999343872070e+00,1.109126567840576172e+00,-3.903056383132934570e+00,3.314707279205322266e-01,-3.735303163528442383e+00,1.451842337846755981e-01
2.004805088043212891e+00,-2.720682382583618164e+00,2.067919731140136719e+00,1.391666054725646973e+00,-2.887893199920654297e+00,-4.976448416709899902e-01,2.276325374841690063e-01,2.779096364974975586e-01,-1.517876982688903809e+00,-3.011966049671173096e-01
1.710484147071838379e+00,1.023896813392639160e+00,5.738685607910156250e+00,1.116538524627685547e+00,3.123868703842163086e+00,3.375490427017211914e+00,1.209724187850952148e+00,-1.569235920906066895e+00,3.238205909729003906e-01,1.920444774441421032e-03
-4.530982017517089844e+00,-6.361032009124755859e+00,-2.945744514465332031e+00,-3.964242458343505859e+00,6.508421421051025391e+00,3.956639289855957031e+00,3.053125381469726562e+00,-3.348659753799438477e+00,7.892158627510070801e-01,1.647587299346923828e+00
-8.814559131860733032e-02,1.934857130050659180e+00,1.022949504852294922e+01,4.885881423950195312e+00,8.312430977821350098e-01,4.950264394283294678e-01,6.189135551452636719e+00,-1.067758072167634964e-02,5.029062032699584961e-01,2.429828882217407227e+00
3.791886806488037109e+00,-1.958050847053527832e+00,2.717709541320800781e+00,9.366635084152221680e-01,-9.119657278060913086e-01,-8.961661338806152344e+00,2.218791007995605469e+00,3.952147960662841797e+00,-3.093387126922607422e+00,-8.241944760084152222e-02
3.330117702484130859e+00,-3.065214633941650391e+00,3.183237552642822266e+00,1.213251948356628418e+00,-2.076587200164794922e+00,-6.675229072570800781e+00,2.683022022247314453e+00,1.490084290504455566e+00,-2.396079778671264648e+00,4.453743696212768555e-01
5.890948772430419922e+00,1.877078890800476074e+00,1.231436610221862793e+00,4.399450778961181641e+00,-1.033144950866699219e+01,4.414343833923339844e-01,-1.950108051300048828e+00,7.245490550994873047e-01,-1.841756105422973633e+00,1.567394256591796875e+00
9.027667045593261719e+00,1.032881140708923340e+00,-1.847537040710449219e+00,2.454915523529052734e+00,7.389596700668334961e-01,-9.744274616241455078e-01,7.562141418457031250e+00,2.554561614990234375e+00,-2.417152643203735352e+00,-5.532174706459045410e-01
-1.863761901855468750e+01,1.980985450744628906e+01,5.103989601135253906e+00,-9.744364738464355469e+00,9.303858131170272827e-02,-8.515775799751281738e-01,2.579712629318237305e+00,1.491932153701782227e+00,-5.153702735900878906e+00,-3.227674484252929688e+00
1.009017276763916016e+01,5.415611267089843750e+00,-7.172208309173583984e+00,-2.710527420043945312e+00,-1.073058485984802246e+00,-2.477560997009277344e+00,-3.398050785064697266e+00,-3.356387317180633545e-01,2.398774623870849609e+00,-4.628236293792724609e-01
6.744154930114746094e+00,7.694374322891235352e-01,-4.740165710449218750e+00,-4.457332134246826172e+00,4.783720016479492188e+00,-3.336305141448974609e+00,2.268453687429428101e-01,-5.025314688682556152e-01,-3.802684783935546875e+00,-1.386508464813232422e+00
-6.524023056030273438e+00,2.455761671066284180e+00,-3.368494749069213867e+00,2.128853797912597656e+00,-2.101709604263305664e+00,-7.571285247802734375e+00,5.014330387115478516e+00,-1.142214298248291016e+01,6.023405492305755615e-02,3.925097227096557617e+00
2.772693634033203125e-01,2.928623914718627930e+00,-1.116872787475585938e+01,-5.003613948822021484e+00,4.541497230529785156e+00,-2.790424227714538574e-01,7.616673707962036133e-01,-8.025547981262207031e+00,-9.236623644828796387e-01,2.317185997962951660e-01
1.629837870597839355e+00,-4.408342838287353516e+00,4.199686050415039062e+00,-2.672640383243560791e-01,1.822309613227844238e+00,3.929714202880859375e+00,-1.905113697052001953e+00,-9.565644860267639160e-01,-2.226618528366088867e+00,4.800073802471160889e-01
1.469850301742553711e+00,-6.604096889495849609e-01,9.892608642578125000e+00,7.789662837982177734e+00,-2.994266510009765625e+00,2.007212400436401367e+00,-9.585128784179687500e+00,-8.615494966506958008e-01,-2.891179084777832031e+00,-2.949751913547515869e-01
1.629837870597839355e+00,-4.408341884613037109e+00,4.199686527252197266e+00,-2.672636806964874268e-01,1.822309851646423340e+00,3.929714202880859375e+00,-1.905113101005554199e+00,-9.565644860267639160e-01,-2.226617574691772461e+00,4.800080060958862305e-01
-5.727056503295898438e+00,-2.020274639129638672e+00,-4.998337745666503906e+00,1.143690943717956543e+00,-7.161702156066894531e+00,-1.272090911865234375e+01,8.338981628417968750e+00,-1.045556831359863281e+01,-3.276112318038940430e+00,-1.625873446464538574e+00
6.502680778503417969e+00,-4.435381889343261719e-01,4.366344928741455078e+00,4.784195125102996826e-01,5.705476284027099609e+00,4.180280685424804688e+00,4.140931129455566406e+00,-3.272996842861175537e-01,-6.722763180732727051e-02,-4.094959497451782227e-01
-2.539769554138183594e+01,2.003982925415039062e+01,4.897182941436767578e+00,-1.171681118011474609e+01,-1.992462038993835449e+00,-5.605747222900390625e+00,-9.878220558166503906e+00,1.226936149597167969e+01,3.548217296600341797e+00,-2.630314826965332031e+00
1.808063387870788574e+00,2.138133764266967773e+00,-2.200264215469360352e+00,-1.846797317266464233e-01,4.319769859313964844e+00,-7.651121914386749268e-02,1.053142268210649490e-02,1.922552436590194702e-01,5.134577751159667969e-01,-1.404649019241333008e-01
-1.268141651153564453e+01,-1.152035236358642578e+01,-3.402812957763671875e+00,-4.030894279479980469e+00,2.053479433059692383e+00,4.751394271850585938e+00,-3.387442350387573242e+00,-1.332692384719848633e+00,3.121835231781005859e+00,-2.267513275146484375e+00
4.134098529815673828e+00,5.938899517059326172e-01,4.305566310882568359e+00,3.673637628555297852e+00,5.648111701011657715e-01,8.532158136367797852e-01,-3.092631101608276367e+00,-2.849205017089843750e+00,-4.649536132812500000e+00,-2.641515433788299561e-01
8.483948707580566406e+00,5.607258796691894531e+00,-5.303243160247802734e+00,-3.582192182540893555e+00,2.324219942092895508e+00,-7.047730684280395508e-01,1.707506477832794189e-01,-2.073864459991455078e+00,-5.454928874969482422e-01,-1.884540170431137085e-02
5.699535012245178223e-01,-1.932645916938781738e+00,6.397271633148193359e+00,5.062926769256591797e+00,3.032995223999023438e+00,1.033760786056518555e+00,-3.105578422546386719e+00,-3.129739284515380859e+00,-2.139451980590820312e+00,-1.659971475601196289e+00
1.221002006530761719e+01,5.488189697265625000e+00,-7.828094005584716797e+00,-2.940212726593017578e+00,-2.634219884872436523e+00,-1.482239007949829102e+00,-2.591511726379394531e+00,2.332809925079345703e+00,-5.968160629272460938e-01,-4.071420192718505859e+00
4.331590652465820312e+00,-8.972640037536621094e-01,-7.282564640045166016e+00,-9.670388102531433105e-01,-1.828941345214843750e+01,5.642583847045898438e+00,8.779620170593261719e+00,6.865288257598876953e+00,-1.079448342323303223e+00,-3.211972951889038086e+00
-8.762964248657226562e+00,-7.449065208435058594e+00,5.784040689468383789e-01,-2.439587354660034180e+00,2.009890317916870117e+00,-2.551505088806152344e+00,-1.896995306015014648e+00,1.043351769447326660e+00,2.729278564453125000e+00,-5.318768024444580078e-01
4.705022335052490234e+00,-6.298475265502929688e-01,4.490641117095947266e+00,1.436418294906616211e+00,6.443980216979980469e+00,2.750784158706665039e+00,7.629859447479248047e-01,2.134082168340682983e-01,5.268357396125793457e-01,-8.908654451370239258e-01
4.693520069122314453e+00,-4.318597793579101562e+00,4.575384616851806641e+00,2.757241010665893555e+00,9.892072081565856934e-01,1.075596451759338379e+00,-1.865018963813781738e+00,2.866969347000122070e+00,-1.311591148376464844e+00,-1.999667882919311523e+00
7.058372020721435547e+00,4.782069683074951172e+00,9.164271950721740723e-01,-3.175526142120361328e+00,3.268586397171020508e+00,3.935403227806091309e-01,-1.767941236495971680e+00,-1.608206987380981445e+00,9.675977706909179688e+00,-5.773338079452514648e-01
7.912826538085937500e+00,1.624049544334411621e+00,2.395136594772338867e+00,3.119725227355957031e+00,-2.506034374237060547e+00,4.829411983489990234e+00,-4.937408447265625000e+00,1.666379690170288086e+00,5.151377677917480469e+00,-8.047762513160705566e-01
1.049368667602539062e+01,6.064862728118896484e+00,-2.457927942276000977e+00,-4.670528411865234375e+00,-1.301257729530334473e+00,3.539177417755126953e+00,-2.172188043594360352e+00,3.020538687705993652e-01,-2.821431636810302734e+00,-2.021717548370361328e+00
-8.127035140991210938e+00,3.585532665252685547e+00,1.814233064651489258e+00,4.422636032104492188e+00,-2.617483615875244141e+00,-5.237251281738281250e+00,3.394486665725708008e+00,-4.216886997222900391e+00,-1.473395943641662598e+00,1.001290440559387207e+00
-8.605520725250244141e-01,-1.205325031280517578e+01,-2.587456464767456055e+00,-6.993576049804687500e+00,1.924723386764526367e+00,-1.346898436546325684e+00,-2.935587644577026367e+00,-2.130023241043090820e+00,8.702685832977294922e-01,-1.125555634498596191e+00
1.060408496856689453e+01,6.540492534637451172e+00,-4.231147289276123047e+00,-1.803961873054504395e+00,-2.399302244186401367e+00,3.250106811523437500e+00,-1.037543892860412598e+00,2.902500033378601074e-01,1.595130562782287598e+00,-2.145673036575317383e+00
-1.203576564788818359e+01,-1.790191078186035156e+01,-6.470352172851562500e+00,-7.255881786346435547e+00,5.143932625651359558e-02,6.056481838226318359e+00,-1.986655473709106445e+00,-3.131431579589843750e+00,1.592580080032348633e+00,-2.191501408815383911e-01
2.278858423233032227e+00,-2.267932176589965820e+00,1.195235919952392578e+01,6.914320468902587891e+00,-3.010880231857299805e+00,-2.358838796615600586e+00,-6.341405391693115234e+00,-4.548552513122558594e+00,-5.450526714324951172e+00,-2.999969720840454102e+00
6.120759010314941406e+00,-3.046502590179443359e+00,5.636130571365356445e-01,-3.244098901748657227e+00,4.346327781677246094e+00,-6.290190696716308594e+00,3.474183678627014160e-01,3.459867715835571289e+00,2.478832453489303589e-01,3.860522806644439697e-01
3.290719538927078247e-02,-1.576263666152954102e+00,-4.780045509338378906e+00,-9.319491982460021973e-01,-7.103257179260253906e+00,2.675491809844970703e+00,-1.418566703796386719e+00,3.213537693023681641e+00,-7.909817099571228027e-01,-5.261467933654785156e+00
-2.101531600952148438e+01,3.068376541137695312e+01,1.437645077705383301e+00,-1.624576377868652344e+01,2.150456905364990234e+00,7.834350585937500000e+00,4.035898208618164062e+00,3.200165510177612305e+00,-6.987088203430175781e+00,-6.833041191101074219e+00
-1.675102114677429199e+00,4.946070194244384766e+00,-1.316000580787658691e+00,9.636832237243652344e+00,2.876307725906372070e+00,-3.622037172317504883e+00,4.198029041290283203e+00,-9.609573483467102051e-01,-1.161558866500854492e+00,3.683111667633056641e+00
-1.721772003173828125e+01,-2.180296325683593750e+01,-2.163442373275756836e+00,-1.323081302642822266e+01,-8.237875938415527344e+00,-4.292582273483276367e-01,-7.519956588745117188e+00,4.575134754180908203e+00,-3.457217454910278320e+00,-2.420846462249755859e+00
-9.438968896865844727e-01,1.251245021820068359e+00,2.500402688980102539e+00,-3.793826341629028320e+00,3.465783834457397461e+00,1.557549238204956055e-01,5.526959300041198730e-01,-3.693296909332275391e+00,4.989247322082519531e+00,-2.434059858322143555e+00
-1.022256278991699219e+01,-1.577662277221679688e+01,-5.541777133941650391e+00,-6.538504123687744141e+00,1.674706041812896729e-01,4.191316604614257812e+00,1.456093549728393555e+00,-2.452021360397338867e+00,9.334841966629028320e-01,2.619110643863677979e-01
-1.288222885131835938e+01,-2.130126762390136719e+01,-1.057288289070129395e+00,-1.475280857086181641e+01,-4.309559822082519531e+00,-2.101785182952880859e+00,-4.290471553802490234e+00,2.935708761215209961e+00,-3.830981016159057617e+00,8.582308292388916016e-01
-2.604184627532958984e+00,-3.503820598125457764e-01,4.826786041259765625e+00,4.926595687866210938e+00,3.962199926376342773e+00,3.957203388214111328e+00,-2.413524538278579712e-01,9.475431442260742188e-01,-6.917189061641693115e-02,-1.502814531326293945e+00
4.693519115447998047e+00,-4.318597316741943359e+00,4.575384140014648438e+00,2.757240295410156250e+00,9.892067313194274902e-01,1.075595736503601074e+00,-1.865019440650939941e+00,2.866969108581542969e+00,-1.311591386795043945e+00,-1.999668359756469727e+00
2.162443399429321289e+00,-2.133795738220214844e+00,7.422071456909179688e+00,-3.397615671157836914e+00,7.679922580718994141e+00,-5.987528324127197266e+00,1.620642304420471191e+00,3.534221172332763672e+00,2.596848487854003906e+00,1.133412599563598633e+00
3.322924137115478516e+00,6.114856004714965820e-01,4.745514392852783203e+00,-1.478028655052185059e+00,6.010552406311035156e+00,5.307005405426025391e+00,1.134654521942138672e+00,-1.670943737030029297e+00,9.946984052658081055e-01,1.627825379371643066e+00
-6.647467613220214844e+00,9.391638636589050293e-01,-7.657288074493408203e+00,4.748965263366699219e+00,-1.218652606010437012e+00,-2.660177230834960938e+00,-8.708834648132324219e-01,-4.346889972686767578e+00,-2.751609325408935547e+00,-2.999739408493041992e+00
-4.391144752502441406e+00,4.754146337509155273e-01,-2.083677101135253906e+01,1.300379562377929688e+01,9.023906707763671875e+00,-8.803045749664306641e-01,-1.531567573547363281e+00,-1.089691996574401855e+00,-4.775702476501464844e+00,2.086433649063110352e+00
4.947674751281738281e+00,-2.706314623355865479e-01,4.894845008850097656e+00,4.098625183105468750e+00,-1.655874103307723999e-01,4.219853878021240234e+00,3.754495620727539062e+00,1.888453602790832520e+00,-1.664019584655761719e+00,1.864125847816467285e+00
1.519333720207214355e+00,2.129058539867401123e-01,8.462463378906250000e+00,1.833361744880676270e+00,4.899987220764160156e+00,4.570738315582275391e+00,-2.193803310394287109e+00,-1.433987975120544434e+00,-8.810881972312927246e-01,-1.221285343170166016e+00
-4.891686439514160156e+00,3.838361799716949463e-01,1.171205520629882812e+00,8.599267601966857910e-01,-1.743188858032226562e+00,-4.394147396087646484e+00,3.936305522918701172e+00,-2.590410232543945312e+00,6.126674175262451172e+00,-4.050442278385162354e-01
5.630903244018554688e+00,-3.015258550643920898e+00,-1.361220598220825195e+00,-3.937534570693969727e+00,5.013551712036132812e+00,-1.055704057216644287e-01,2.196191437542438507e-02,4.351232647895812988e-01,-2.520347386598587036e-02,-1.260957598686218262e+00
-4.935581207275390625e+00,-2.162199735641479492e+00,1.134950160980224609e+01,7.626160621643066406e+00,-2.397424221038818359e+00,3.448291778564453125e+00,-3.563175201416015625e+00,-3.274124383926391602e+00,1.826516866683959961e+00,-5.121741294860839844e-01
9.835555076599121094e+00,3.041583538055419922e+00,-6.219220638275146484e+00,-1.573433756828308105e+00,3.226069211959838867e+00,-4.290693759918212891e+00,2.965152978897094727e+00,7.487138509750366211e-01,-3.346440553665161133e+00,-2.345820903778076172e+00
5.380383133888244629e-01,3.340752601623535156e+00,3.056918859481811523e+00,3.352462291717529297e+00,4.616128444671630859e+00,2.810684442520141602e+00,6.367562770843505859e+00,-2.519178152084350586e+00,1.218447536230087280e-01,3.377800941467285156e+00
8.080929756164550781e+00,2.194437026977539062e+00,-4.645377159118652344e+00,-3.891292333602905273e+00,4.363019764423370361e-01,-1.355931311845779419e-01,6.123327836394309998e-02,5.040800571441650391e-01,-1.103787899017333984e+00,-2.578950881958007812e+00
-3.023910522460937500e+00,1.050746536254882812e+01,-1.330806255340576172e+00,-4.276181161403656006e-01,7.049963474273681641e-01,-1.159439206123352051e+00,2.948747873306274414e+00,-6.651241779327392578e+00,-2.218464136123657227e+00,-2.230595350265502930e+00
3.499748706817626953e+00,-2.835281610488891602e+00,-6.497684001922607422e+00,-2.044974565505981445e+00,4.592190742492675781e+00,1.877575397491455078e+00,1.624869704246520996e+00,-2.667376756668090820e+00,-5.559982776641845703e+00,-2.565914630889892578e+00
1.359513092041015625e+01,6.289445400238037109e+00,-4.358680725097656250e+00,-3.284748554229736328e+00,-3.206108570098876953e+00,7.871859073638916016e-01,-5.186378479003906250e+00,-3.681344166398048401e-02,-2.039137482643127441e-01,-6.007006645202636719e+00
5.820475578308105469e+00,3.038111209869384766e+00,7.540804147720336914e-01,-1.539665460586547852e+00,2.260322332382202148e+00,-3.706035137176513672e+00,9.817100167274475098e-01,2.137275457382202148e+00,1.198906540870666504e+00,-2.113041162490844727e+00
-6.325685977935791016e+00,1.121234059333801270e+00,-5.911213874816894531e+00,3.203863143920898438e+00,-1.009239792823791504e+00,-3.016563177108764648e+00,-1.325914144515991211e+00,-4.351229190826416016e+00,-1.765464663505554199e+00,-2.637704849243164062e+00
8.042857170104980469e+00,-8.257610797882080078e-01,-7.303878784179687500e+00,6.233397126197814941e-01,2.313354730606079102e+00,1.953585028648376465e+00,3.077573060989379883e+00,-8.304434418678283691e-01,-6.025662422180175781e+00,-2.454015970230102539e+00
8.636486053466796875e+00,6.716719627380371094e+00,-1.340768623352050781e+01,-2.219604015350341797e+00,-1.015144538879394531e+01,-8.222837001085281372e-02,-1.106752967834472656e+01,-5.621843814849853516e+00,1.715012931823730469e+01,4.536378860473632812e+00
9.000260353088378906e+00,5.487848281860351562e+00,-6.017609596252441406e+00,-4.066285133361816406e+00,-2.660011529922485352e+00,1.122865378856658936e-01,-3.430255889892578125e+00,-2.104169130325317383e+00,9.583610534667968750e+00,2.846269369125366211e+00
2.962970018386840820e+00,5.680483341217041016e+00,-4.724288463592529297e+00,-1.799826502799987793e+00,3.330580472946166992e+00,-7.125387787818908691e-01,4.091390609741210938e+00,2.716865576803684235e-02,-3.705424547195434570e+00,-1.185253620147705078e+00
4.795498371124267578e+00,-3.738056421279907227e+00,2.993264198303222656e+00,-2.412205219268798828e+00,9.453769326210021973e-01,2.305582046508789062e+00,8.465904235839843750e+00,5.781080722808837891e+00,1.388642430305480957e+00,5.687524318695068359e+00
5.837603569030761719e+00,-5.834883078932762146e-02,-1.087341189384460449e+00,-6.024972438812255859e+00,5.204129695892333984e+00,-1.429573154449462891e+01,-7.828080058097839355e-01,3.837697982788085938e+00,-1.512032270431518555e+00,2.558788061141967773e+00
3.499748706817626953e+00,-2.835281610488891602e+00,-6.497684001922607422e+00,-2.044974565505981445e+00,4.592190742492675781e+00,1.877575397491455078e+00,1.624869704246520996e+00,-2.667376756668090820e+00,-5.559982776641845703e+00,-2.565914630889892578e+00
-9.679808616638183594e+00,-8.999258875846862793e-01,-5.994753837585449219e-01,7.375970363616943359e+00,-1.789849877357482910e+00,1.316522240638732910e+00,3.201378345489501953e+00,1.516965389251708984e+00,4.535477161407470703e+00,3.705034494400024414e+00
5.912022590637207031e+00,2.851436614990234375e+00,-7.601109981536865234e+00,-2.788480758666992188e+00,-3.154182434082031250e+00,-2.310823202133178711e+00,-2.518250644207000732e-01,-5.863116383552551270e-01,6.977554410696029663e-02,-5.012784957885742188e+00
-9.460411071777343750e+00,-3.163843631744384766e+00,-6.747765541076660156e+00,9.546327590942382812e+00,9.787198901176452637e-01,2.672796249389648438e+00,-1.091439366340637207e+00,3.317837238311767578e+00,3.288188576698303223e-01,6.116341948509216309e-01
-8.762964248657226562e+00,-7.449065208435058594e+00,5.784040689468383789e-01,-2.439587354660034180e+00,2.009890079498291016e+00,-2.551505088806152344e+00,-1.896995425224304199e+00,1.043351769447326660e+00,2.729279041290283203e+00,-5.318765640258789062e-01
2.339212417602539062e+00,-2.037422180175781250e+00,1.188844299316406250e+01,6.908030033111572266e+00,-2.948311328887939453e+00,-2.649813413619995117e+00,-6.123897075653076172e+00,-4.503933906555175781e+00,-5.188128471374511719e+00,-3.182228803634643555e+00
1.469850301742553711e+00,-6.604096889495849609e-01,9.892608642578125000e+00,7.789662837982177734e+00,-2.994266510009765625e+00,2.007212877273559570e+00,-9.585128784179687500e+00,-8.615493774414062500e-01,-2.891178607940673828e+00,-2.949753701686859131e-01
6.502897262573242188e+00,6.172474026679992676e-01,-3.038189113140106201e-01,-2.682757854461669922e+00,5.043621659278869629e-01,1.255238056182861328e+00,4.871920943260192871e-01,1.817998886108398438e+00,-9.963646531105041504e-01,-1.568971753120422363e+00
3.290720656514167786e-02,-1.576263308525085449e+00,-4.780045509338378906e+00,-9.319489598274230957e-01,-7.103257656097412109e+00,2.675492763519287109e+00,-1.418566346168518066e+00,3.213537454605102539e+00,-7.909823060035705566e-01,-5.261468887329101562e+00
9.078209877014160156e+00,6.561678409576416016e+00,-5.532261848449707031e+00,-2.744503259658813477e+00,-1.067832350730895996e+00,2.290833234786987305e+00,-2.318356275558471680e+00,1.167575478553771973e+00,1.135150194168090820e+00,1.721276402473449707e+00
1.221001911163330078e+01,5.488189220428466797e+00,-7.828093051910400391e+00,-2.940212011337280273e+00,-2.634220600128173828e+00,-1.482238292694091797e+00,-2.591511011123657227e+00,2.332809448242187500e+00,-5.968159437179565430e-01,-4.071421623229980469e+00
4.331590652465820312e+00,-8.972640037536621094e-01,-7.282564640045166016e+00,-9.670388102531433105e-01,-1.828941345214843750e+01,5.642583847045898438e+00,8.779620170593261719e+00,6.865288257598876953e+00,-1.079448342323303223e+00,-3.211972951889038086e+00
2.297911643981933594e+00,-6.369639396667480469e+00,1.251363563537597656e+01,6.177014350891113281e+00,-4.548611640930175781e+00,7.317060828208923340e-01,-1.193663787841796875e+01,-1.715315222740173340e+00,-7.574647426605224609e+00,1.748841553926467896e-01
1.011176776885986328e+01,5.848949909210205078e+00,-3.631541013717651367e+00,-1.688436865806579590e+00,-2.553876876831054688e+00,3.186310768127441406e+00,-1.447711825370788574e+00,-4.150406271219253540e-02,1.190187931060791016e+00,-2.114307880401611328e+00
-1.788102686405181885e-01,1.385690569877624512e+00,4.596368312835693359e+00,1.044699859619140625e+01,-7.845882415771484375e+00,-3.899744510650634766e+00,-4.088246345520019531e+00,-4.912882328033447266e+00,-3.141982555389404297e+00,-4.239999771118164062e+00
-1.553556823730468750e+01,4.521288394927978516e+00,-2.615391159057617188e+01,2.476864624023437500e+01,9.197691917419433594e+00,-9.853919744491577148e-01,-8.802132606506347656e+00,1.136817741394042969e+01,-3.618380069732666016e+00,3.160484790802001953e+00
6.822713375091552734e+00,2.541648387908935547e+00,-4.254083633422851562e+00,1.124233722686767578e+00,-1.969102859497070312e+00,1.289431571960449219e+00,-4.000901699066162109e+00,-1.734432101249694824e+00,9.212994575500488281e-02,-9.991378188133239746e-01
1.048597335815429688e+01,6.077045917510986328e+00,-2.506478548049926758e+00,-4.698694705963134766e+00,-1.246423006057739258e+00,3.572144031524658203e+00,-2.144599437713623047e+00,2.958924770355224609e-01,-2.799909830093383789e+00,-1.980910301208496094e+00
-2.149312400817871094e+01,3.145061111450195312e+01,1.825613617897033691e+00,-1.647700881958007812e+01,2.143533706665039062e+00,7.980302810668945312e+00,3.966642379760742188e+00,3.527990818023681641e+00,-7.216862201690673828e+00,-7.121249198913574219e+00
2.004805088043212891e+00,-2.720682382583618164e+00,2.067919731140136719e+00,1.391666054725646973e+00,-2.887893199920654297e+00,-4.976448416709899902e-01,2.276325374841690063e-01,2.779096364974975586e-01,-1.517876982688903809e+00,-3.011966049671173096e-01
-1.313201618194580078e+01,1.231572818756103516e+01,4.972533702850341797e+00,2.367917060852050781e+00,-5.412407875061035156e+00,-4.253837108612060547e+00,-5.447538375854492188e+00,-1.012811779975891113e+00,2.906892299652099609e+00,-2.043977260589599609e+00
3.145937204360961914e+00,-1.537912845611572266e+00,1.650482058525085449e+00,1.061322927474975586e+00,2.580661773681640625e+00,5.487635612487792969e+00,2.541291236877441406e+00,5.655705332756042480e-01,-1.065885066986083984e+00,1.584106683731079102e+00
-1.063534164428710938e+01,2.104565501213073730e-01,-7.980416774749755859e+00,9.554129600524902344e+00,3.361927032470703125e+00,3.238097667694091797e+00,-1.580122113227844238e+00,2.064491033554077148e+00,-1.699852585792541504e+00,4.760620892047882080e-01
